size    Потоки
p1      1           2           4           6
10      330         136315      99466       13653       133
100     7354        136686      110698      92564       2226
1000    8546        102192      96922       92243       19536
10000   78237       153148      130044      101110      199866
100000  690916      474139      347702      254507      2.02307e+06


size    Потоки
p2      1           2           4           6     
10      1383        4198        3376        103485      676.666
100     72275       45866       30457       141816      19550
1000    7137553     3651577     2098385     1323221     643114
10000   316007647   211537929   152344973   864123609   2.00855e+07


size    Потоки
p3      1           2           4           6
10      1562        9127        346         88055       866.84
100     71264       66375       27522       152666      24679.9
1000    7236678     3662878     3066320     2268814     802368
10000   313637874   197467166   122128508   107348667   2.47231e+07
